%n=[1 1.18 1.4];
n=[1 1.50 2.8 1.50 1];
a=1;
thea=8*pi/180;