Manual fitting results: (Capture.png in MEGA folder)
# [420. 520. 650. 800. 850. 950.] GHz

d_list = [44.6, 660.0, 75.9]
d_list = [45.77, 660.0, 72.6]

n0, n2 = 1.513, 1.515, 1.520, 1.521, 1.522, 1.524
n1 = 2.782, 2.782, 2.784, 2.785, 2.786, 2.787

n0, n2 = 1.51, 1.52, 1.52, 1.52, 1.52, 1.53
n1 = 2.78, 2.78, 2.78, 2.79, 2.79, 2.79

a: [0.29682634, 0.29621877, 0.29503129, 0.29489288, 0.29475460, 0.29431419]
b: [0.20678723, 0.20742479, 0.20901418, 0.20933128, 0.20964814, 0.21028107]
f: [0.01326179, 0.01644125, 0.02061997, 0.02539526, 0.02700035, 0.03021685]
g: [0.02445803, 0.03028137, 0.03787899, 0.04663709, 0.04956974, 0.05542141]


